# Output from 3DSMax RenderWare File Export plug-in V1.0
ModelBegin
    ClumpBegin
        # screen01
        
        TransformBegin
            Transform  1.000000  0.000000  0.000000  0.000000  0.000000 -0.173648 -0.984808  0.000000  0.000000  0.984808 -0.173648  0.000000  0.000000  0.000000  0.000000  1.000000
            
            ClumpBegin
                Tag 1
                Hints NULL
                Vertex  0.000000  0.000000  0.500000 UV  0.000500  0.000500
                Vertex  0.700000  0.000000  0.500000 UV  0.999501  0.000500
                Vertex  0.000000  0.000000  0.000000 UV  0.000500  0.999500
                Vertex  0.700000  0.000000  0.000000 UV  0.999500  0.999500
                
                GeometrySampling Solid
                LightSampling Vertex
                Ambient  0.1 0.186926 0.128103
                Color 0.192157 0.560784 0.384314
                Diffuse 0.192157 0.560784 0.384314
                Specular  0.9  0.9  0.9
                TextureModes Foreshorten
                Texture lap3.cmp
                
                Triangle 1 3 4
                Triangle 4 2 1
                
            ClumpEnd
        TransformEnd
        # tback01
        
        TransformBegin
            Transform  1.000000  0.000000  0.000000  0.000000  0.000000 -0.173648 -0.984808  0.000000  0.000000  0.984808 -0.173648  0.000000  0.000000  0.000000  0.000000  1.000000
            
            ClumpBegin
                Tag 2
                Hints NULL
                Vertex  0.000000  0.030000  0.500000 UV  0.999501  0.000500
                Vertex  0.700000  0.030000  0.500000 UV  0.000500  0.000500
                Vertex  0.000000  0.030000  0.000000 UV  0.999500  0.999500
                Vertex  0.700000  0.030000  0.000000 UV  0.000499  0.999500
                
                GeometrySampling Solid
                LightSampling Vertex
                Ambient 0.215684  0.1 0.125489
                Color 0.647059 0.192157 0.376471
                Diffuse 0.647059 0.192157 0.376471
                Specular  0.9  0.9  0.9
                TextureModes Foreshorten
                Texture lap1.cmp
                
                Triangle 1 2 4
                Triangle 4 3 1
                
            ClumpEnd
        TransformEnd
        # top
        
        TransformBegin
            Transform  1.000000  0.000000  0.000000  0.000000  0.000000 -0.173648 -0.984808  0.000000  0.000000  0.984808 -0.173648  0.000000  0.000000  0.000000  0.000000  1.000000
            
            ClumpBegin
                Tag 3
                Hints NULL
                
                
            ClumpEnd
        TransformEnd
        # tside01
        
        TransformBegin
            Transform  1.000000  0.000000  0.000000  0.000000  0.000000 -0.173648 -0.984808  0.000000  0.000000  0.984808 -0.173648  0.000000  0.000000  0.000000  0.000000  1.000000
            
            ClumpBegin
                Tag 4
                Hints NULL
                Vertex  0.000000  0.000000  0.000000 UV  0.000499  0.999496
                Vertex  0.700000  0.000000  0.000000 UV  0.999501  0.999500
                Vertex  0.000000  0.030000  0.000000 UV  0.000500  0.000499
                Vertex  0.700000  0.030000  0.000000 UV  0.999501  0.000504
                
                GeometrySampling Solid
                LightSampling Vertex
                Ambient  0.1 0.145097  0.1
                Color    0 0.435294 0.192157
                Diffuse    0 0.435294 0.192157
                Specular  0.9  0.9  0.9
                TextureModes Foreshorten
                Texture lap4.cmp
                
                Triangle 2 1 3
                Triangle 3 4 2
                
            ClumpEnd
        TransformEnd
        # tside02
        
        TransformBegin
            Transform  1.000000  0.000000  0.000000  0.000000  0.000000 -0.173648 -0.984808  0.000000  0.000000  0.984808 -0.173648  0.000000  0.000000  0.000000  0.000000  1.000000
            
            ClumpBegin
                Tag 5
                Hints NULL
                Vertex  0.000000  0.000000  0.500000 UV  0.000499  0.999496
                Vertex  0.700000  0.000000  0.500000 UV  0.999501  0.999501
                Vertex  0.000000  0.030000  0.500000 UV  0.000500  0.000500
                Vertex  0.700000  0.030000  0.500000 UV  0.999501  0.000504
                
                GeometrySampling Solid
                LightSampling Vertex
                Ambient  0.1 0.145097  0.1
                Color    0 0.435294 0.192157
                Diffuse    0 0.435294 0.192157
                Specular  0.9  0.9  0.9
                TextureModes Foreshorten
                Texture lap4.cmp
                
                Triangle 1 2 4
                Triangle 4 3 1
                
            ClumpEnd
        TransformEnd
        # tside03
        
        TransformBegin
            Transform  1.000000  0.000000  0.000000  0.000000  0.000000 -0.173648 -0.984808  0.000000  0.000000  0.984808 -0.173648  0.000000  0.000000  0.000000  0.000000  1.000000
            
            ClumpBegin
                Tag 6
                Hints NULL
                Vertex  0.000000  0.000000  0.500000 UV  0.254132  0.000499
                Vertex  0.000000  0.000000  0.000000 UV  0.999500  0.989042
                Vertex  0.000000  0.030000  0.500000 UV  0.000500  0.010958
                Vertex  0.000000  0.030000  0.000000 UV  0.745868  0.999501
                
                GeometrySampling Solid
                LightSampling Vertex
                Ambient  0.1 0.145097  0.1
                Color    0 0.435294 0.192157
                Diffuse    0 0.435294 0.192157
                Specular  0.9  0.9  0.9
                TextureModes Foreshorten
                Texture lap4.cmp
                
                Triangle 2 1 3
                Triangle 3 4 2
                
            ClumpEnd
        TransformEnd
        # tside04
        
        TransformBegin
            Transform  1.000000  0.000000  0.000000  0.000000  0.000000 -0.173648 -0.984808  0.000000  0.000000  0.984808 -0.173648  0.000000  0.000000  0.000000  0.000000  1.000000
            
            ClumpBegin
                Tag 7
                Hints NULL
                Vertex  0.700000  0.000000  0.500000 UV  0.254132  0.000499
                Vertex  0.700000  0.000000  0.000000 UV  0.999500  0.989042
                Vertex  0.700000  0.030000  0.500000 UV  0.000500  0.010958
                Vertex  0.700000  0.030000  0.000000 UV  0.745868  0.999501
                
                GeometrySampling Solid
                LightSampling Vertex
                Ambient  0.1 0.145097  0.1
                Color    0 0.435294 0.192157
                Diffuse    0 0.435294 0.192157
                Specular  0.9  0.9  0.9
                TextureModes Foreshorten
                Texture lap4.cmp
                
                Triangle 1 2 4
                Triangle 4 3 1
                
            ClumpEnd
        TransformEnd
    ClumpEnd
ModelEnd
